0.007038700000009612
0.18929609999999286
0.3841555999999997
0.5660481000000033
0.7774167000000034
1.0065263999999985
1.1995325000000037
1.3583615000000009
1.59933190000001
1.7182529000000102
1.9071831999999915
2.1587512000000117
2.3804495999999915
2.7431033999999954
2.948278000000016
3.1477754000000004
3.7440890999999965
3.624691100000007
3.753510199999994
4.2020731999999725
4.430958400000009
0.007975099999953272
0.24975260000002208
0.44197739999998475
0.6346962000000076
0.8826740000000086
1.0103861000000052
1.2861031999999568
1.5839374999999905
1.7082063999999946
1.800422000000026
2.2075856999999814
2.4139968000000636
2.742018900000062
3.0485711000000038
2.893960800000059
3.3250490000000354
3.8369100999999546
3.780942399999958
3.804995500000018
4.307090099999982
4.803059899999994
0.008042599999953381
0.35605229999998755
0.48554940000008173
0.672873500000037
0.8761864999999034
1.0803636000000552
1.4098040000000083
1.6657358999999587
2.107954800000016
2.0733597000000827
2.272506900000053
2.536402599999974
2.8128785999999764
2.886639299999956
3.232372000000055
3.4095417000000907
3.5698170999999093
3.882851999999957
4.289764299999888
4.378038199999992
4.603102700000136
0.010613400000011097
0.3690828999999667
0.6397220999999718
0.8629034999999021
1.1552994000001036
1.4626630000000205
1.7612703999998303
2.0820426000000225
2.2548573999999917
2.3003909999999905
2.699144599999954
2.808946300000116
3.0335029999998824
3.3919619000000694
3.3617309999999634
3.9564412000001994
3.865522399999918
4.283023999999841
4.7659435999999005
4.5770056000001205
5.394260099999883
