0.004112100000000396
0.1440330000000003
0.2386393000000009
0.3962227000000009
0.43745119999999815
0.5467172999999974
0.631716100000002
0.8733055999999948
0.9531908000000016
1.230554699999999
1.3485928999999999
1.6782412000000022
1.6122154000000108
1.7983825999999965
2.066601399999996
2.2281606000000096
2.0373055999999963
2.1994770000000017
2.421038799999991
2.1981560000000115
3.061871400000001
0.005235700000014276
0.17073829999998225
0.30468120000000454
0.46528590000002623
0.593482100000017
0.688225999999986
1.076461600000016
1.0393766999999912
1.5861402999999825
1.4608081000000084
1.6575690000000236
1.5562964999999735
1.9628410000000258
1.885953700000016
2.47075719999998
2.2338487999999757
2.4476568000000043
3.081140600000026
2.94858430000005
3.898030600000027
3.4939966000000027
0.0038961999999855834
0.2433965000000171
0.5908767999999895
0.6200208999999859
1.0175930999999991
1.1441229999999791
1.1339377999999556
1.3942961000000196
4.164559099999963
1.8078395
1.8159099000000083
