0.0026012999999949216
0.16108029999999474
0.28536440000000596
0.4855863999999883
0.6647092999999984
0.8515613000000002
1.0447561000000007
1.2421925999999957
1.4631114999999966
1.5824209000000167
1.8779633999999987
1.9531951000000163
2.2973592999999823
2.5009364999999946
2.7306939999999997
3.1599752000000194
3.3583123999999884
3.3468493999999964
3.6048103999999626
4.111027999999976
4.042600900000025
0.009952999999995882
0.1993820999999798
0.33451900000000023
0.5425928999999883
0.7912790000000314
0.9185196000000246
1.2149607999999716
1.460806199999979
1.5158519999999953
1.6586183999999093
2.002420099999995
2.1464928999999984
2.527624699999933
2.4854629999999815
2.739292999999975
2.977947599999993
3.5642292999999654
3.5443894999999657
3.5329093000000285
3.7491155000000163
4.417085499999985
0.0033476999999493273
0.26283950000004097
0.3644967999999835
0.5750742000000173
0.7670646999999917
0.9948748000000478
1.2678710000000137
1.4713775999999825
1.9890760000000682
1.8493247999999767
2.13402659999997
2.276770899999974
2.6428710999999794
2.731184600000006
2.9604234000000815
3.135097799999812
3.278449900000169
3.5378617999999733
4.018849400000136
3.988052899999957
4.245411000000104
0.009698699999944438
0.27919010000005073
0.5292517000000316
0.8325821999999334
1.1435529999998835
1.410041099999944
1.7057102999999643
1.9883160999997926
1.9684866000000056
2.3078173000001243
2.486490300000014
2.7810441999999966
2.909462099999928
3.0433510000000297
3.409628899999916
4.03178180000009
3.8305548000000726
4.227496399999836
4.637401100000034
4.4114483999999266
5.506569900000159
