0.003887800001393771
0.12006380000093486
0.2079260999998951
0.2965851000008115
0.3843574999991688
0.5346423999981198
0.6736368000019866
0.8017098999989685
0.8788580000000366
1.1096289000015531
1.1329356000023836
1.242748600001505
1.2774877000010747
1.4848211000025913
1.7631062000000384
1.8447546000024886
1.976171099999192
0.0026705999989644624
0.10150459999931627
0.20075569999971776
0.31680490000144346
0.3697084999985236
0.518388500000583
0.565962300002866
0.8092623999982607
1.0058144000031461
1.1623067000000447
1.1766354999999749
1.1737331000003906
1.3727628999986337
1.479564000001119
1.5814647000006516
1.793330500000593
1.780606299998908
2.131507399997645
2.049974799996562
2.1937330000000657
2.611018999999942
0.004624600001989165
0.10041739999724086
0.20475660000010976
0.32654009999896516
0.42214489999969373
0.5389829000014288
0.7078129000001354
0.8901819999991858
0.924272899999778
1.0806693999984418
1.3173228000014205
1.2783183000028657
1.7537981999994372
1.598524199998792
1.7306997000014235
1.8828463999998348
2.1406396000020322
2.099828800000978
2.4615470000026107
2.712592500000028
2.598899699998583
0.0005568999986280687
0.13627159999668947
0.25647010000102455
0.41755969999940135
0.5927080000001297
0.7310025000006135
0.8000525999996171
1.0024425999981759
1.154177599997638
1.3651837999968848
1.4351401000021724
1.6425615999978618
2.0361259000019345
2.191615900002944
2.112125899999228
2.2908625999989454
2.303995099999156
2.5345310000011523
2.7798365999988164
2.9326001000008546
3.1087865000008605
0.0015572000011161435
0.19643559999894933
0.435926300000574
0.727355200000602
