0.0015638000004400965
0.09049189999859664
0.24653070000204025
0.3404346999996051
0.3754334999975981
0.5387396000005538
0.6033619000008912
0.8001227000022482
0.8569709000003058
1.1507738000000245
1.1524955999993836
1.3413459999974293
1.3321986999981164
1.4939779000014823
1.6455265000004147
1.9463825999991968
1.9888189999983297
0.0012461000005714595
0.11077840000143624
0.23187490000054822
0.2933043999983056
0.38804529999833903
0.5319202000027872
0.6071578000010049
0.7727133000007598
0.9127062000006845
1.1345371999996132
1.2928095000024769
1.2952244999978575
1.4923256000001857
1.5036343000028864
1.5724875000014435
1.813998099998571
1.8673111999996763
2.0746818000006897
2.011013000003004
2.087467100001959
2.4233046999979706
0.0010700999991968274
0.1032459000016388
0.22616840000046068
0.32850709999911487
0.4824650999980804
0.5556557999989309
0.7366044999980659
1.0729432999978599
1.0710868999995
1.1273309999996854
1.3566063999969629
1.4832668999988528
1.7295252999974764
1.793650499999785
1.939420099999552
2.033542600001965
2.2731687000014063
2.331006799999159
2.6731638999990537
2.795401100000163
2.7902207000006456
0.0011378000017430168
0.16409399999974994
0.3170410999991873
0.49167579999993904
0.6840049000020372
0.8832253000000492
1.0408186999993632
1.2154319000001124
1.4504543999973976
1.6239341000000422
1.7511231999997108
1.9576336999998603
2.2129038000020955
2.5835130999985267
2.5964115999995556
2.806882199998654
2.863549300000159
3.0988147999996727
3.4358148999999685
3.7929347999997844
4.0076568000004045
0.0015096999995876104
0.3689737000022433
0.728465199998027
0.9093181000025652
