0.007433599999998819
0.1818642000000068
0.31487659999999096
0.3999522000000013
0.5600888999999967
0.7527714000000003
0.9294258000000042
1.1211843000000101
1.3097826000000055
1.4573454000000083
1.5527259999999785
1.687112600000006
1.9989705000000129
2.202161799999999
2.372735499999976
2.87162950000004
2.8925687999999923
2.920132200000012
3.1091169000000036
3.4745180999999548
3.5526038000000426
0.008367700000007972
0.16589870000001383
0.2672421999999983
0.45325140000005604
0.6338954000000285
0.8438922000000275
1.0767471999999998
1.2703699999999571
1.3297665999999708
1.4002150000000029
1.7994896000000153
2.022824900000046
2.3640221000000565
2.178131399999984
2.360730999999987
2.719873399999983
3.113371999999913
3.030585599999995
3.1105411999999433
3.328619599999911
3.9424527000001035
0.004817800000068928
0.1686223000000382
0.3067135999999664
0.4704200999999557
0.6930889000000207
0.9577163000000155
1.1343372000000045
1.2829100000000153
1.4647284000000127
1.6492962000000944
1.9144463000000087
2.031314400000042
2.3286054999999806
2.429098599999975
2.611434200000076
2.7837005999999747
2.770534699999871
3.221367999999984
3.420813500000122
3.4673589999999876
3.9271975999999995
0.003228100000114864
0.22276299999998628
0.47268880000001445
0.795379500000081
1.055509999999913
1.3121799000000465
1.5872998999998345
1.789553099999921
1.8107647000001634
2.1981706999999915
2.4444407999999385
2.6108412999999473
2.680629200000112
2.841050600000017
3.858878400000094
4.35487390000003
3.720797100000027
4.084161900000026
4.336544300000014
4.194045199999891
5.104989200000091
