0.005536799999390496
0.13445810000121128
0.24563999999736552
0.3423168000008445
0.48978189999979804
0.585016999997606
0.6190701999985322
0.8160083999973722
0.9738581999990856
1.366973100000905
1.1270274999988033
1.2753069999998843
1.4545233999997436
1.5465500999998767
1.9133794999979727
1.9489474000001792
2.1235962999999174
0.004709500000899425
0.15067830000043614
0.28756540000176756
0.35571690000142553
0.4284432000022207
0.6195662000027369
0.6288034999997762
0.8489909999989322
1.0145761000021594
1.200487800000701
1.230069099998218
1.2977011000002676
1.5723557000019355
1.5066349999979138
1.6265276999984053
1.924546599999303
1.8785820999983116
2.088984599999094
2.1539606000005733
2.1946127000010165
2.4774929999985034
0.007527500001742737
0.15429890000086743
0.24557389999972656
0.40231689999927767
0.5216316000005463
0.6256708000000799
0.7672596000011254
0.928878500002611
0.9608802999973705
1.1223916000017198
1.3012149000023783
1.363044000001537
1.559391200000391
1.698045600001933
1.7020794999989448
1.8627618000027724
2.143319099999644
2.189222000000882
2.4290604000016174
2.8113899000018137
2.5843276000014157
0.005467399998451583
0.19948260000091977
0.3039128000018536
0.41607550000117044
0.5846879000018816
0.7370038000008208
0.8080128000001423
0.9442471000002115
1.1386958000002778
1.262036399999488
1.3186101999999664
1.6097172999980103
1.8217513000017789
2.100418300000456
2.056301100001292
2.2760797000009916
2.228034400002798
2.5591070000009495
2.7225738000015554
2.8222005999996327
2.995026399999915
0.005636099998810096
0.23748999999952503
0.45310280000194325
0.6357821999990847
