0.0006434999999953561
0.12990560000000073
0.2262713000000076
0.3734144000000015
0.5043992999999887
0.7161492999999979
0.8978628999999927
1.0614278999999982
1.1804621999999938
1.3043999000000213
1.4415863000000115
1.583207299999998
1.866051199999987
2.1116170999999895
2.191526299999964
2.8772023000000218
2.611179399999969
2.7607563000000255
2.9774666999999795
3.6025247000000036
3.2795274000000063
0.0007837999999651402
0.13049899999998615
0.2583376000000044
0.4072438000000034
0.6263428000000317
0.850242699999967
1.0070934999999963
1.1926242000000116
1.2867507999999361
1.3074872999999343
1.759566100000029
1.8603369999999586
2.469009000000028
2.018996799999968
2.185117699999978
2.5847656999999344
2.9304628999999522
2.8347095999999965
2.935498100000018
3.223650799999973
3.728560800000082
0.002424099999984719
0.15615090000005694
0.2866063999999824
0.4403633000000582
0.6474630999999818
0.9432190999999648
1.0574462000000722
1.1979939999999942
1.3770151000001079
1.5556856000000607
1.79444019999994
1.948979500000064
2.2082176000000118
2.2569568000000118
2.4598214999998618
2.6416412999999466
2.743656500000043
2.9942348999998103
3.261048300000084
3.253547600000047
3.687485899999956
0.010551100000157021
0.20972140000003492
0.4470328999998401
0.7846742000001541
1.1184668000000784
1.3537487000000965
1.4938852999998744
1.6702279999999519
1.7815737000000809
2.007557899999938
2.570356400000037
2.5518009000002166
2.571398699999918
2.7519320999999763
3.3097543999999743
3.6120644000000084
3.6461683999998513
4.020221700000093
4.187380800000028
4.229654699999855
5.282469399999854
