0.002765999999994051
0.1363982999999962
0.36271529999999075
0.4164545000000004
0.5962247000000076
0.7849073000000004
0.9962007000000028
1.1315364000000017
1.3145178000000044
1.4741856999999925
1.7268611000000078
1.8635152000000232
2.0876623999999993
2.3072816000000103
2.4903522999999836
3.0639720000000352
3.020050499999968
3.1857038999999645
3.3320947000000274
3.7910192999999595
3.6520514999999705
0.005492000000003827
0.17458089999996673
0.2848488000000202
0.47550419999998894
0.6741506000000186
0.8559183999999505
1.106626399999982
1.3295945000000415
1.396458100000018
1.48398880000002
1.8623728000000028
1.9867676000000074
2.3377930000000333
2.315014499999961
2.4107143999999607
2.7786453999999594
3.273211700000047
3.183532600000035
3.2852055999999266
3.4726354000000583
4.1225489000000834
0.014298199999984718
0.1891558999999461
0.3298341999999366
0.5017578999999159
0.7159850000000461
0.9368944000000283
1.1670706999999538
1.3644186999999874
1.548369100000059
1.7082668000000467
2.0418564000000288
2.104783500000053
2.415644499999985
2.4846646999999393
2.7158478999999716
2.932126100000005
2.9029699000000164
3.222185899999886
3.5862538000001223
3.6969956000000366
3.9544252000000597
0.00798169999984566
0.23087069999996856
0.47728219999999055
0.8093569999998635
1.1007630999999947
1.3744186000001264
1.6340099999999893
1.7995665000000827
2.0593862999999146
2.1882348999999977
2.4766043999998146
2.673832299999958
2.8293166999999357
2.899777700000186
3.7791712000000643
4.8044124999998985
3.622186499999998
4.159803600000032
4.497238900000184
4.3734997000001385
5.161242600000151
