0.004391699999928278
0.15892270000006192
0.24647679999998218
0.45437349999997423
0.6032577000000856
0.8258816000000024
0.7837192000000641
1.0994689000000335
1.3095846999999594
1.2523684999999887
1.3572286999999505
1.8442939000000251
1.830423699999983
1.5940563999999995
1.530509699999925
1.8203267000000096
2.341125199999965
2.7808432000000494
3.0617432000000235
3.6698259999999436
3.22797700000001
0.0050559000000021115
0.1905919000000722
0.3199682000000621
0.4365810000000465
0.5918851000000132
0.5954275999999936
0.7183697000000393
0.8232889999999315
1.1408126000000038
1.2685297000000446
2.0672748999999158
1.8092294000000493
1.8216083999999455
1.749790800000028
1.8284384999999475
2.281917300000032
2.7375418999999965
2.9085562999999865
2.8128163999999742
3.1372116000000005
2.913786200000004
0.005697600000075909
0.19004820000009204
0.34131430000002183
0.5015893000000915
0.6587761000000683
0.8274102999999968
0.9475978000000396
1.300784799999974
3.0572795000000497
1.581519500000013
1.659934900000053
1.970436599999971
1.835202200000026
2.46277520000001
2.275431700000013
2.538197799999921
2.766315500000019
3.0202922999999373
3.1214806999998927
3.1845448999999917
3.3678350000000137
0.006002200000011726
0.2734493999998904
0.5486014000000523
0.7276067999998759
1.0988314000001083
1.2871086999998624
1.486453099999835
2.044499500000029
2.6106626999999207
2.705628700000034
3.798764499999834
3.340120200000001
3.6561101000002054
3.966067399999929
4.7030835999999
4.812542399999984
4.984684400000106
5.085005899999942
4.487401900000123
5.628611399999954
7.461992799999962
